      0/99      3.9G    0.1025   0.04594   0.08902    0.2375       231       416  0.002537   0.01339 0.0006219 0.0001473   0.08063   0.03256   0.08653
      1/99     3.05G   0.07749   0.05545   0.08474    0.2177       242       416   0.01811    0.1458   0.01323  0.005044   0.06326   0.03241    0.0832
      2/99     3.05G   0.05987   0.05289   0.08149    0.1942       259       416   0.03209    0.1922   0.03297   0.01622    0.0513   0.02823   0.07883
      3/99     3.05G   0.05312   0.04821   0.07836    0.1797       238       416   0.07074    0.2698   0.05026   0.02728   0.04621   0.02676   0.07658
      4/99     3.05G   0.05042    0.0475   0.07573    0.1737       228       416    0.1066    0.3102   0.05658   0.03213   0.04347   0.02639   0.07461
      5/99     3.05G   0.04869   0.04587    0.0744     0.169       233       416    0.1497     0.197   0.05573   0.03116   0.04333   0.02652   0.07338
      6/99     3.05G   0.04646   0.04578   0.07259    0.1648       216       416    0.4587    0.1526   0.09051   0.04943    0.0432   0.02666   0.07144
      7/99     3.05G   0.04551   0.04485   0.06965      0.16       244       416    0.2533    0.1969   0.09219   0.05087   0.04152   0.02581   0.06798
      8/99     3.05G   0.04775   0.04313    0.0678    0.1587       269       416     0.241    0.2107   0.09841    0.0518   0.04366   0.02492   0.06541
      9/99     3.05G   0.05015   0.04291    0.0642    0.1573       243       416    0.6079    0.1936    0.1108   0.06406   0.04266   0.02519   0.06338
     10/99     3.05G   0.04746   0.04289   0.06265     0.153       266       416    0.1448    0.3588    0.1339   0.07655   0.04251   0.02615   0.06271
     11/99     3.05G    0.0467   0.04336   0.06203    0.1521       233       416    0.8315    0.1179    0.1235   0.07229    0.0429   0.02599   0.06361
     12/99     3.05G   0.04557   0.04271   0.06011    0.1484       232       416    0.3464     0.273     0.137   0.06946   0.04637   0.02744   0.05873
     13/99     3.05G   0.04638   0.04385   0.05876     0.149       190       416    0.1744    0.2903    0.1411   0.08535   0.04204   0.02657   0.06031
     14/99     3.05G   0.04461   0.04448   0.05739    0.1465       228       416    0.1885    0.3821    0.1635    0.0996   0.04251   0.02553   0.05869
     15/99     3.05G    0.0452   0.04518   0.05664     0.147       244       416    0.2424    0.3113    0.1587   0.09544   0.04665   0.02803   0.06183
     16/99     3.05G   0.04516   0.04507   0.05404    0.1443       279       416    0.5533    0.1909    0.1377   0.07894   0.04221   0.02856   0.06392
     17/99     3.05G   0.04389   0.04455   0.05562    0.1441       237       416    0.2864    0.3019    0.1173    0.0655   0.04404   0.02897   0.06521
     18/99     3.05G   0.04458   0.04496   0.05378    0.1433       241       416     0.524    0.1812    0.1415   0.08201   0.04553   0.02932   0.06185
     19/99     3.05G   0.04417    0.0458   0.05287    0.1428       191       416    0.2151    0.3354    0.1753   0.09895   0.04376   0.02769   0.05742
     20/99     3.05G   0.04353   0.04366   0.05049    0.1377       246       416    0.2007    0.3584    0.1944    0.1186   0.04112   0.02709   0.05701
     21/99     3.05G   0.04346   0.04577     0.051    0.1402       239       416    0.2649    0.2942    0.2039    0.1198    0.0433   0.02661    0.0575
     22/99     3.05G   0.04186   0.04513   0.04962    0.1366       280       416    0.3093    0.3235    0.2069    0.1246   0.04186   0.02657   0.05751
     23/99     3.05G   0.04301   0.04515   0.04738    0.1355       226       416    0.2688    0.3506    0.2194    0.1321   0.04271   0.02674   0.05434
     24/99     3.05G   0.04366   0.04386   0.04542    0.1329       204       416    0.4799    0.2178    0.2121    0.1229   0.04342    0.0272   0.05855
     25/99     3.05G   0.04254   0.04426   0.04427    0.1311       188       416    0.2437    0.3588    0.2211    0.1339   0.04171   0.02576   0.05332
     26/99     3.05G   0.04144    0.0431   0.04366    0.1282       215       416    0.3144    0.3457    0.2079    0.1218   0.04177     0.027   0.05934
     27/99     3.05G   0.04162    0.0434   0.04157    0.1266       181       416    0.2546    0.4056    0.2386    0.1374   0.04156   0.02566   0.05354
     28/99     3.05G   0.04219   0.04516   0.04257    0.1299       210       416    0.3313    0.3618    0.2576    0.1521    0.0402   0.02603   0.04972
     29/99     3.05G   0.04084   0.04313    0.0429    0.1269       197       416     0.291    0.3712    0.2511    0.1561    0.0423    0.0273   0.05364
     30/99     3.05G   0.04199   0.04474   0.04013    0.1269       233       416    0.4438    0.3079    0.2691    0.1647    0.0421   0.02668   0.05006
     31/99     3.05G   0.04111   0.04371   0.03897    0.1238       255       416    0.3713    0.3305    0.2552    0.1513   0.04073   0.02605   0.04917
     32/99     3.05G   0.04101    0.0437   0.03964    0.1244       237       416    0.3129    0.3683    0.2538     0.153   0.04088   0.02736   0.05783
     33/99     3.05G    0.0409   0.04382   0.03755    0.1223       302       416    0.3713     0.324    0.2823    0.1652   0.04024   0.02596   0.04516
     34/99     3.05G   0.03989    0.0426   0.03558    0.1181       228       416    0.3354    0.3782    0.2746    0.1662   0.04047   0.02627   0.04898
     35/99     3.05G   0.04005   0.04167   0.03772    0.1194       274       416    0.3359    0.3168    0.2292    0.1363   0.04258   0.02706   0.05915
     36/99     3.05G    0.0405    0.0423   0.03836    0.1212       254       416    0.3473    0.3875    0.3055    0.1873   0.04025   0.02532   0.04592
     37/99     3.05G   0.03989   0.04431    0.0382    0.1224       243       416    0.3927    0.3519    0.2885    0.1771   0.03982   0.02626   0.04719
     38/99     3.05G   0.03939   0.04328   0.03645    0.1191       254       416    0.3127    0.3922    0.2846    0.1753   0.03893    0.0264   0.05078
     39/99     3.05G   0.03917   0.04209   0.03477     0.116       237       416    0.3407    0.4086    0.3171    0.1936    0.0412   0.02615   0.04494
     40/99     3.05G   0.03939   0.04156   0.03214    0.1131       230       416     0.407    0.3584    0.3334     0.212   0.03877    0.0252   0.04787
     41/99     3.05G   0.03841    0.0409   0.03239    0.1117       226       416    0.3734    0.4065     0.338     0.205   0.03965   0.02539   0.04139
     42/99     3.05G   0.03813   0.04151   0.03194    0.1116       194       416    0.3571    0.3716    0.3007    0.1854    0.0399   0.02583   0.04472
     43/99     3.05G    0.0383   0.04094   0.03151    0.1107       201       416     0.422    0.3478    0.3125     0.194   0.03913    0.0257   0.05134
     44/99     3.05G   0.03857   0.04111   0.03106    0.1107       225       416    0.3414    0.3886    0.3093    0.1849   0.03854    0.0268   0.04724
     45/99     3.05G   0.03844   0.04061   0.03062    0.1097       205       416    0.3536    0.3474    0.2517    0.1545   0.04035     0.027   0.05266
     46/99     3.05G   0.03801   0.04188    0.0291     0.109       215       416    0.3903     0.381    0.3146    0.1928   0.03863    0.0255   0.04752
     47/99     3.05G   0.03809   0.04089   0.03001     0.109       212       416    0.3654    0.3733    0.3087    0.1933   0.03939   0.02581   0.04933
     48/99     3.05G   0.03806   0.04071   0.03145    0.1102       210       416     0.375    0.3949    0.3395    0.2067   0.03937   0.02587   0.04369
     49/99     3.05G   0.03841   0.04085   0.02925    0.1085       180       416    0.3646    0.4352    0.3312    0.2047   0.03883   0.02601   0.04633
     50/99     3.05G   0.03763   0.04046   0.02713    0.1052       233       416    0.4789    0.3633     0.347    0.2212   0.03812   0.02595   0.04382
     51/99     3.05G   0.03747   0.04037   0.02614     0.104       261       416     0.351     0.441    0.3243    0.1996   0.03887   0.02602   0.04679
     52/99     3.05G   0.03746   0.04026   0.02611    0.1038       234       416    0.4573    0.4111    0.3855    0.2414   0.03775   0.02465   0.04084
     53/99     3.05G   0.03664   0.03912   0.02552    0.1013       202       416    0.4528    0.3973    0.3609    0.2282   0.03743   0.02543    0.0413
     54/99     3.05G   0.03716   0.03922   0.02441    0.1008       219       416    0.4474    0.3985    0.3613    0.2247   0.03807   0.02557   0.04374
     55/99     3.05G   0.03606   0.03946   0.02324   0.09876       201       416    0.4169    0.4291    0.3599     0.228   0.03707   0.02552   0.03919
     56/99     3.05G    0.0357   0.03884   0.02288   0.09743       188       416    0.4473    0.3864    0.3644    0.2321   0.03809   0.02601   0.04559
     57/99     3.05G   0.03618   0.03973   0.02246   0.09837       278       416    0.4317     0.424    0.3735    0.2385   0.03768   0.02561   0.04148
     58/99     3.05G   0.03572   0.03936   0.02277   0.09786       242       416    0.4206    0.4635    0.3877    0.2497   0.03736   0.02532   0.04149
     59/99     3.05G   0.03548   0.03832    0.0233   0.09709       196       416    0.4402    0.4386    0.3708    0.2298   0.03806   0.02496    0.0412
     60/99     3.05G   0.03582   0.03884   0.02147   0.09613       240       416    0.4672    0.3906    0.3565    0.2333   0.03863   0.02657   0.04313
     61/99     3.05G   0.03465   0.03804     0.021   0.09369       182       416     0.432    0.4592    0.3907    0.2498   0.03728   0.02511   0.03906
     62/99     3.05G   0.03539   0.03821   0.02136   0.09496       224       416    0.4397    0.4058    0.3727    0.2422   0.03755   0.02543   0.04283
     63/99     3.05G   0.03466   0.03688   0.02062   0.09216       157       416    0.4211    0.4547    0.3886    0.2522   0.03669   0.02537   0.03969
     64/99     3.05G   0.03496   0.03722   0.02082     0.093       199       416    0.4483    0.4081    0.3729     0.242   0.03676   0.02536    0.0414
     65/99     3.05G   0.03513   0.03676   0.02024   0.09213       222       416     0.444    0.4468    0.3977    0.2534   0.03753   0.02568   0.03987
     66/99     3.05G   0.03487   0.03855   0.01911   0.09253       207       416      0.45    0.4307       0.4    0.2601   0.03689   0.02582   0.03844
     67/99     3.05G   0.03408   0.03703   0.01825   0.08936       185       416    0.4703    0.3735    0.3783    0.2501   0.03691   0.02666   0.04117
     68/99     3.05G   0.03434   0.03714   0.01783   0.08931       188       416    0.4222    0.4502    0.3742    0.2413   0.03794    0.0275   0.03983
     69/99     3.05G    0.0338    0.0367    0.0178    0.0883       178       416    0.4034    0.4466    0.3758    0.2443   0.03702   0.02622   0.04007
     70/99     3.05G   0.03382   0.03714   0.01741   0.08837       219       416    0.4626    0.4376    0.3916    0.2529    0.0369   0.02602   0.03859
     71/99     3.05G   0.03378   0.03693   0.01675   0.08746       222       416    0.4926    0.3941    0.3922    0.2562    0.0371   0.02669   0.03977
     72/99     3.05G   0.03376   0.03749   0.01686   0.08811       160       416    0.4471     0.413     0.368    0.2424    0.0378   0.02808   0.04176
     73/99     3.05G   0.03383   0.03606   0.01711     0.087       226       416    0.4259    0.4625    0.3928     0.256   0.03794     0.028   0.03965
     74/99     3.05G   0.03281   0.03558   0.01696   0.08534       223       416    0.4238    0.4233    0.3742    0.2388   0.03712   0.02631   0.04355
     75/99     3.05G    0.0329   0.03648   0.01609   0.08548       231       416    0.4401    0.4478    0.3927    0.2569   0.03734   0.02677   0.04395
     76/99     3.05G   0.03286   0.03609   0.01816   0.08712       198       416     0.431    0.4096    0.3707    0.2391   0.03789   0.02627   0.04681
     77/99     3.05G   0.03284   0.03791   0.01796   0.08871       246       416      0.45    0.4005    0.3755    0.2441   0.03809   0.02723    0.0443
     78/99     3.05G   0.03282   0.03651   0.01592   0.08525       189       416    0.4909    0.4041    0.3886    0.2547    0.0367   0.02668    0.0408
     79/99     3.05G     0.033   0.03702   0.01605   0.08607       244       416     0.461    0.4203     0.382     0.247   0.03692   0.02699   0.03928
     80/99     3.05G   0.03271   0.03525   0.01591   0.08387       247       416    0.4873    0.4171    0.3949    0.2618   0.03742   0.02798   0.04278
     81/99     3.05G   0.03208   0.03639    0.0147   0.08318       261       416    0.4676    0.4276    0.3943    0.2588   0.03637   0.02705   0.03953
     82/99     3.05G   0.03192   0.03444    0.0151   0.08146       210       416    0.4681    0.4416    0.3982    0.2599   0.03638   0.02652   0.04167
     83/99     3.05G    0.0317   0.03493   0.01462   0.08126       195       416     0.503    0.4244    0.4015    0.2648   0.03682   0.02735   0.03902
     84/99     3.05G   0.03173    0.0352   0.01409   0.08102       210       416    0.4414    0.4614    0.3993    0.2624   0.03659   0.02783   0.03908
     85/99     3.05G   0.03185    0.0346    0.0135   0.07995       251       416    0.4865    0.4334    0.4024     0.264   0.03671   0.02685   0.03938
     86/99     3.05G   0.03129   0.03439   0.01304   0.07872       246       416     0.487    0.4157    0.3828    0.2504   0.03754   0.02859   0.04166
     87/99     3.05G    0.0314   0.03411   0.01291   0.07842       217       416    0.4418    0.4712    0.3956    0.2615   0.03636   0.02761    0.0419
     88/99     3.05G   0.03136   0.03433   0.01334   0.07903       244       416    0.4575    0.4387    0.3868    0.2518   0.03653   0.02749   0.04258
     89/99     3.05G   0.03122     0.034   0.01329   0.07852       207       416    0.4507    0.4531    0.3976    0.2596   0.03691   0.02801    0.0424
     90/99     3.05G   0.03089   0.03436   0.01302   0.07827       202       416    0.4755    0.4156    0.3888    0.2535   0.03654   0.02784    0.0412
     91/99     3.05G   0.03091   0.03398   0.01259   0.07748       217       416    0.4931    0.4218    0.3972    0.2613   0.03688   0.02856   0.04053
     92/99     3.05G   0.03092    0.0338   0.01232   0.07704       298       416     0.475    0.4408    0.3995    0.2654   0.03656   0.02757   0.04109
     93/99     3.05G   0.03094   0.03402   0.01159   0.07655       194       416    0.4934    0.4133    0.3997     0.267   0.03671   0.02817   0.03908
     94/99     3.05G   0.03103   0.03402   0.01171   0.07677       233       416    0.4989    0.3952    0.3883    0.2563   0.03668   0.02831   0.04241
     95/99     3.05G   0.03095   0.03447   0.01189   0.07732       218       416    0.4775    0.4357    0.3972    0.2639   0.03644    0.0278   0.04024
     96/99     3.05G   0.03022    0.0336   0.01233   0.07614       227       416    0.4556    0.4452    0.3953    0.2607   0.03646   0.02815   0.04059
     97/99     3.05G   0.03093   0.03301   0.01244   0.07637       211       416    0.4525    0.4151    0.3795    0.2492   0.03686   0.02921   0.04091
     98/99     3.05G   0.03057   0.03312   0.01157   0.07526       190       416    0.5208    0.3944    0.4026    0.2641   0.03673   0.02854   0.03915
     99/99     3.05G   0.03007   0.03258   0.01153   0.07418       252       416    0.5132    0.4219    0.3996    0.2649   0.03686   0.02817   0.03934
