      0/99    0.684G    0.1201   0.04815   0.02984    0.1981       150       416  0.002264   0.01087 0.0002543 4.172e-05     0.116   0.03057   0.02798
      1/99    0.457G    0.1165   0.04527   0.02887    0.1906        20       416  0.002372    0.1297 0.0004044  4.77e-05     0.111   0.03273   0.02728
      2/99    0.457G    0.1131   0.05115   0.02712    0.1914        21       416   0.00719  0.007246 0.0008273 0.0001366    0.1053   0.03492   0.02598
      3/99    0.457G    0.1059   0.05272    0.0258    0.1844        29       416   0.01024   0.06522  0.003513 0.0006681   0.09995   0.03691   0.02469
      4/99    0.457G    0.1012   0.05673   0.02427    0.1822        14       416   0.01679   0.06522  0.006511  0.001361   0.09404   0.03892   0.02336
      5/99    0.457G   0.09424   0.05292   0.02373    0.1709        50       416   0.04932    0.1242   0.01851  0.004448    0.0882   0.04019   0.02202
      6/99    0.457G   0.09117   0.05586   0.02191    0.1689        12       416    0.1371    0.1736   0.06112   0.01501   0.08331   0.03993   0.02081
      7/99    0.457G   0.08774   0.05908   0.02106    0.1679        45       416    0.2011    0.1585    0.1341   0.03179   0.07886   0.03823   0.02006
      8/99    0.459G   0.08227   0.05372   0.01919    0.1552        57       416    0.1552     0.358    0.1265   0.03075   0.07441   0.03547   0.01931
      9/99    0.459G   0.07778     0.053   0.01753    0.1483        39       416    0.3209    0.3366    0.1235   0.03582   0.07493   0.03292   0.01893
     10/99    0.459G   0.07846   0.05111   0.01884    0.1484        32       416    0.7414    0.1667    0.2187   0.06805   0.06713   0.03111   0.01851
     11/99    0.459G   0.07328   0.04523   0.01539    0.1339        30       416    0.7251    0.1812    0.2141    0.0547   0.07203   0.02938    0.0182
     12/99    0.459G   0.07659   0.04379    0.0179    0.1383        22       416    0.1628    0.5555    0.2186   0.05598   0.06556   0.02913   0.01787
     13/99    0.459G   0.07353   0.04504   0.01419    0.1328        28       416    0.3152    0.5453    0.3139    0.1152   0.06004   0.02895   0.01777
     14/99    0.459G    0.0676   0.04314   0.01528     0.126        44       416    0.1851    0.6417    0.2613   0.07518   0.06166   0.02735    0.0178
     15/99    0.459G    0.0709   0.04324   0.01639    0.1305        60       416    0.2355    0.6165    0.3082   0.09642   0.06906    0.0258   0.01802
     16/99    0.459G   0.07083   0.04239   0.01637    0.1296        17       416     0.179    0.4841    0.1197   0.03471    0.1035   0.02172   0.01799
     17/99    0.459G   0.09729   0.04311     0.015    0.1554        30       416    0.3487    0.5236    0.3473    0.1152   0.07274    0.0275   0.01787
     18/99    0.459G   0.07117   0.04304   0.01644    0.1306        37       416    0.4228    0.5167    0.3553   0.09744   0.06301   0.02746   0.01792
     19/99    0.459G   0.06676   0.04595   0.01657    0.1293        20       416     0.451    0.5594    0.3919    0.1181   0.06502   0.02573    0.0182
     20/99    0.459G   0.07389   0.04063   0.01616    0.1307        33       416    0.4539    0.5667    0.3342    0.1078   0.06392   0.02439   0.01831
     21/99    0.459G   0.06323   0.03887    0.0163    0.1184        17       416    0.1999     0.538    0.1593    0.0425   0.07888   0.02382   0.01822
     22/99    0.459G    0.0776   0.04139   0.01511    0.1341        18       416    0.2269    0.5775    0.3177    0.1108   0.07164   0.02279   0.01827
     23/99    0.459G   0.07603    0.0386   0.01628    0.1309        16       416      0.75    0.2826    0.3177   0.09515   0.06574   0.02297    0.0184
     24/99    0.459G   0.06346   0.03967   0.01481    0.1179        29       416    0.7875      0.25    0.3533   0.09725   0.06531   0.02309   0.01873
     25/99    0.459G   0.07552   0.03588   0.01373    0.1251        42       416    0.2899     0.588    0.4184    0.1207   0.06232   0.02297   0.01871
     26/99    0.459G   0.05885   0.03648   0.01722    0.1126        29       416    0.8103    0.3152     0.372    0.1545   0.04997   0.02409   0.01862
     27/99    0.459G   0.06493   0.03555   0.01522    0.1157        23       416    0.2038    0.4848    0.2622   0.07173   0.06686   0.02257   0.01853
     28/99    0.459G   0.06776   0.04326   0.01576    0.1268        33       416    0.8226    0.2572    0.3823    0.1464   0.05911   0.02328   0.01838
     29/99    0.459G    0.0663   0.03779   0.01385    0.1179        16       416    0.3313    0.5743    0.4015    0.1559    0.0509   0.02343   0.01861
     30/99    0.459G   0.06467   0.03982   0.01385    0.1183        72       416    0.7027    0.3188    0.2665    0.0912   0.05888   0.02309   0.01855
     31/99    0.459G    0.0713   0.03893   0.01576     0.126        36       416    0.1539    0.5336     0.237   0.06665   0.05939   0.02292   0.01907
     32/99    0.459G   0.06212   0.03665   0.01506    0.1138        22       416    0.8234    0.2899    0.3887    0.1341   0.05552   0.02276   0.01893
     33/99    0.459G   0.06283   0.03857   0.01405    0.1155        17       416    0.8163    0.2645    0.3331    0.1241   0.05927   0.02186   0.01874
     34/99    0.459G   0.06535   0.04187   0.01583     0.123        40       416    0.1638    0.7065     0.275    0.1018   0.05437   0.02227    0.0186
     35/99    0.459G   0.05383   0.03875   0.01558    0.1082        20       416    0.3212    0.6536    0.5194    0.2102   0.04718   0.02249    0.0185
     36/99    0.459G    0.0575   0.03259   0.01564    0.1057         6       416    0.4297    0.6457    0.4899    0.1979   0.05439   0.02166   0.01835
     37/99    0.459G   0.06662   0.03767   0.01666     0.121        38       416    0.1833     0.593    0.2565    0.0897   0.05966   0.02266   0.01821
     38/99    0.459G   0.06484   0.04009   0.01685    0.1218       114       416    0.1878    0.5275    0.2819    0.1148   0.06033   0.02173   0.01832
     39/99    0.459G   0.06565   0.03559   0.01592    0.1172        36       416    0.1927    0.5634    0.2804   0.09991   0.05634   0.02065   0.01827
     40/99    0.459G   0.06742   0.03542   0.01498    0.1178        21       416    0.7662    0.3547    0.3013    0.1511   0.05381   0.02017   0.01834
     41/99    0.459G   0.06096   0.03296     0.015    0.1089        38       416    0.1899    0.6779    0.2977    0.1242   0.05721   0.02011   0.01864
     42/99    0.459G   0.06473   0.03843   0.01663    0.1198        39       416    0.2046    0.6815    0.3406    0.1505   0.05503   0.01991   0.01863
     43/99    0.459G   0.06495   0.03296   0.01495    0.1129        24       416    0.1944    0.5775    0.3224    0.1076   0.06048   0.02021   0.01875
     44/99    0.459G   0.06262   0.03275    0.0149    0.1103        53       416    0.8724    0.3406    0.4064    0.1839   0.05337   0.02038   0.01865
     45/99    0.459G   0.05797   0.02919   0.01509    0.1022        37       416    0.2137    0.6384    0.3367    0.1367   0.05277   0.02062   0.01854
     46/99    0.459G   0.05614   0.03367   0.01409    0.1039        38       416    0.1966     0.642    0.3493     0.145   0.05236   0.02067   0.01839
     47/99    0.459G   0.05803   0.03147   0.01548     0.105        39       416    0.8431    0.3564    0.4219    0.2173   0.04879    0.0205   0.01863
     48/99    0.459G   0.05702   0.03109   0.01444    0.1025        29       416    0.2244     0.617     0.378    0.1791   0.05483   0.02035   0.01905
     49/99    0.459G    0.0583   0.03151   0.01516     0.105        39       416    0.3291    0.6207    0.4667    0.2294    0.0474    0.0203   0.01923
     50/99    0.459G   0.04846    0.0318   0.01467   0.09493        10       416    0.3668     0.617    0.4938    0.2641   0.04208   0.02046   0.01935
     51/99    0.459G   0.04769   0.03928   0.01435    0.1013        49       416    0.3725    0.6062    0.5095    0.2572   0.04157   0.02092   0.01961
     52/99    0.459G   0.04437   0.03555   0.01255   0.09247        48       416    0.6084    0.5662    0.5252    0.1902   0.04127   0.02122   0.01971
     53/99    0.459G   0.04736   0.03246    0.0129   0.09272        37       416    0.5386    0.5525    0.4898    0.1733   0.04459   0.02094   0.01976
     54/99    0.459G   0.05021   0.03884   0.01308    0.1021        56       416    0.5407    0.5884    0.5336    0.2137   0.04315   0.02074    0.0196
     55/99    0.459G   0.04497   0.03868   0.01371   0.09737        62       416     0.471     0.617    0.5302     0.259   0.03746   0.02068   0.01943
     56/99    0.459G   0.04307   0.03225   0.01442   0.08974        35       416    0.4085    0.5957    0.4846    0.2384   0.04039   0.02074   0.01921
     57/99    0.459G   0.04336   0.03054   0.01381    0.0877        18       416    0.3264    0.6207    0.4365    0.1758   0.04301   0.02054   0.01919
     58/99    0.459G   0.04605   0.03504   0.01496   0.09606        26       416    0.3272    0.6957    0.4707    0.2314   0.03728   0.02019   0.01893
     59/99    0.459G   0.04085    0.0297   0.01429   0.08484        20       416    0.3157    0.6993    0.4277    0.2074   0.03843   0.02066   0.01895
     60/99    0.459G   0.04118   0.02815   0.01376   0.08309        26       416    0.3253    0.6743    0.4733    0.2525   0.03842   0.02071   0.01857
     61/99    0.459G   0.04335   0.03651   0.01351   0.09337        49       416    0.3057     0.692    0.4643    0.2629   0.03462   0.02027   0.01852
     62/99    0.459G   0.03797   0.03032   0.01387   0.08217        54       416     0.885    0.4058    0.4578    0.2333   0.03605   0.02056   0.01861
     63/99    0.459G   0.03683   0.03037   0.01286   0.08006        31       416    0.3119    0.6457    0.4634     0.266   0.03287   0.01999   0.01875
     64/99    0.459G   0.03841   0.03039   0.01399   0.08278        42       416    0.9272    0.3732    0.4611    0.2365   0.03628   0.02031    0.0184
     65/99    0.459G   0.03786    0.0306   0.01311   0.08158        16       416    0.2999     0.667    0.4706    0.2706   0.03563   0.02012   0.01823
     66/99    0.459G   0.03629   0.03119   0.01373   0.08121        42       416    0.3206    0.6279    0.4773    0.2812   0.03182   0.01977   0.01812
     67/99    0.459G   0.03608   0.03377   0.01459   0.08445        14       416    0.3439     0.667    0.4867    0.2801   0.03353   0.01976   0.01759
     68/99    0.459G   0.03581   0.03483   0.01549   0.08614        17       416    0.3734     0.667     0.492    0.2822   0.03202   0.01959   0.01768
     69/99    0.459G   0.03574   0.03141   0.01298   0.08012        15       416    0.3858     0.642    0.4875    0.2764   0.03243   0.01958   0.01764
     70/99    0.459G   0.03595   0.03458   0.01041   0.08095        47       416    0.3796    0.6457    0.4966    0.2682   0.03365   0.01984    0.0174
     71/99    0.459G   0.03661   0.03233   0.01358   0.08252        28       416     0.368    0.6634    0.4877    0.2924   0.03073   0.01937   0.01747
     72/99    0.459G   0.03746   0.03412   0.01197   0.08355        38       416    0.4038    0.6993    0.5045    0.2589    0.0342   0.01968   0.01725
     73/99    0.459G   0.03637   0.03024   0.01223   0.07884        38       416    0.4165    0.6634    0.5067    0.2964   0.03359   0.01926   0.01722
     74/99    0.459G   0.03462   0.02675   0.01215   0.07352        18       416    0.4364    0.6884    0.5209    0.2945   0.03085   0.01918     0.017
     75/99    0.459G    0.0381    0.0336   0.01097   0.08266        25       416    0.4215    0.6634     0.505     0.289   0.03344   0.01924   0.01727
     76/99    0.459G   0.03659   0.03093   0.01406   0.08158        20       416    0.4362     0.642    0.5065    0.2927   0.03142   0.01934   0.01727
     77/99    0.459G   0.03341    0.0329   0.01397   0.08028        31       416    0.4216    0.6633    0.5042    0.2982   0.03176   0.01925   0.01719
     78/99    0.459G   0.03374   0.02919   0.01269   0.07562        37       416    0.3795     0.692    0.5025    0.2999   0.03133   0.01957   0.01741
     79/99    0.459G   0.03352   0.03068   0.01215   0.07636        34       416    0.3968     0.642    0.4977    0.2963   0.03112   0.01969   0.01746
     80/99    0.459G   0.03338   0.02633   0.01433   0.07404        52       416    0.3893    0.7207     0.506    0.3042   0.03226   0.01934   0.01653
     81/99    0.459G   0.03512   0.03299   0.01433   0.08243        11       416    0.4037    0.7169    0.5198    0.2922   0.03188   0.01939    0.0164
     82/99    0.459G   0.03429   0.03079   0.01224   0.07732        34       416    0.4175    0.7598    0.5311    0.3245   0.02977   0.01913   0.01592
     83/99    0.459G   0.03492   0.03674   0.01166   0.08332        13       416    0.4243    0.7636    0.5386    0.3058   0.03132   0.01953   0.01566
     84/99    0.459G   0.03111   0.02855   0.01084   0.07049        32       416    0.4316    0.7384    0.5329    0.3186   0.02982   0.01937   0.01564
     85/99    0.459G   0.03244   0.03109    0.0115   0.07503        13       416     0.418     0.717    0.5224    0.3135   0.02991   0.01939   0.01566
     86/99    0.459G    0.0311   0.02898   0.01074   0.07082        25       416    0.4435    0.5562    0.5049    0.3037   0.03022   0.01936   0.01593
     87/99    0.459G   0.03334   0.03377   0.01071   0.07782        23       416    0.4115     0.642    0.5067      0.31   0.02988   0.01922   0.01563
     88/99    0.459G   0.03276   0.03142   0.01205   0.07624        51       416    0.4362     0.667    0.5163    0.3017   0.03065   0.01937   0.01507
     89/99    0.459G   0.03311   0.03307   0.01297   0.07915        49       416    0.4434    0.6707    0.5237    0.3107    0.0307   0.01942   0.01493
     90/99    0.459G   0.03209   0.03076     0.011   0.07386        27       416     0.455    0.6957    0.5289    0.3181    0.0301   0.01934   0.01488
     91/99    0.459G   0.03247   0.03213   0.01383   0.07843        17       416     0.471    0.7155    0.5439    0.3356    0.0301   0.01942   0.01476
     92/99    0.459G   0.03072   0.03108   0.01204   0.07384        40       416    0.4657    0.7134    0.5416     0.331   0.02991   0.01956   0.01422
     93/99    0.459G   0.03221   0.03072   0.01127    0.0742        94       416    0.4848     0.715    0.5609    0.3304   0.02978   0.01941   0.01421
     94/99    0.459G   0.02966   0.02426   0.00949   0.06341        20       416    0.5008    0.6634    0.5568    0.3292   0.03064   0.01952     0.014
     95/99    0.459G   0.03066   0.02804  0.009551   0.06825        36       416    0.4868     0.667    0.5551    0.3367   0.02967   0.01933    0.0139
     96/99    0.459G   0.03277   0.03249   0.01078   0.07603        81       416    0.4793    0.7433     0.556    0.3347   0.03012   0.01949   0.01362
     97/99    0.459G   0.03208   0.03151   0.01007   0.07366        25       416    0.4481    0.6993    0.5549    0.3445   0.02926   0.01942   0.01356
     98/99    0.459G    0.0321   0.02742   0.01012   0.06963        18       416    0.5419    0.5826    0.5554     0.343   0.02967   0.01947   0.01354
     99/99    0.459G   0.03189   0.03183   0.01028     0.074        48       416    0.4926    0.5884    0.5436    0.3336   0.03058   0.01958   0.01353
