      0/99    0.466G    0.1244   0.02596         0    0.1503        14       416  0.001388       0.1 0.0001476 1.861e-05    0.1198   0.02358         0
      1/99    0.466G    0.1239   0.03257         0    0.1565         6       416  0.007171      0.05 0.0006472 8.958e-05    0.1167    0.0245         0
      2/99    0.466G    0.1217   0.03284         0    0.1545        11       416   0.01091     0.025 0.0008644 0.0001784    0.1168   0.02438         0
      3/99    0.468G    0.1229   0.03198         0    0.1548        25       416  0.006457     0.025 0.0003313 0.0001528    0.1172   0.02425         0
      4/99    0.468G    0.1189   0.03454         0    0.1534         5       416   0.06658     0.025  0.001974 0.0004373     0.117   0.02426         0
      5/99    0.468G    0.1152   0.03169         0    0.1468        11       416    0.0355     0.025  0.001611  0.000239    0.1159   0.02457         0
      6/99    0.468G    0.1158   0.03503         0    0.1509        27       416   0.03092     0.025   0.00171 0.0002059     0.115   0.02463         0
      7/99    0.468G    0.1149   0.03235         0    0.1472        13       416   0.09071     0.025  0.002915 0.0008335    0.1132   0.02528         0
      8/99    0.468G    0.1139   0.03361         0    0.1475        16       416   0.02213      0.05  0.001256 0.0001876    0.1131   0.02517         0
      9/99    0.468G    0.1103   0.03421         0    0.1445        23       416   0.01951      0.05  0.001455 0.0001981    0.1124   0.02525         0
     10/99    0.468G    0.1102   0.03832         0    0.1485        14       416   0.02089      0.05  0.001426 0.0003425     0.111   0.02564         0
     11/99    0.468G    0.1094   0.03893         0    0.1483        11       416   0.02313      0.05   0.00265 0.0004558    0.1097   0.02588         0
     12/99    0.468G    0.1073   0.03911         0    0.1464        24       416   0.04526      0.05  0.003932  0.001326    0.1083   0.02614         0
     13/99    0.468G     0.101   0.03491         0    0.1359         5       416   0.04893     0.025  0.002625 0.0006264    0.1076   0.02643         0
     14/99    0.468G    0.1028   0.03631         0    0.1391        21       416    0.1262      0.05  0.008192  0.001275    0.1069   0.02657         0
     15/99    0.468G    0.1046   0.04061         0    0.1452        21       416   0.07706      0.05   0.02917  0.005815    0.1061   0.02645         0
     16/99    0.468G    0.1017   0.03881         0    0.1405        21       416   0.08766      0.05  0.009331  0.001577    0.1045   0.02717         0
     17/99    0.468G    0.1068    0.0383         0    0.1451        23       416   0.03846       0.1  0.009325  0.001137    0.1038   0.02705         0
     18/99    0.468G    0.1032   0.04011         0    0.1433        23       416   0.05676     0.075   0.01091  0.001853     0.102   0.02712         0
     19/99    0.468G    0.1009   0.04387         0    0.1448        22       416   0.05903       0.1    0.0193  0.003152    0.1015   0.02676         0
     20/99    0.468G    0.1005   0.03829         0    0.1388        17       416   0.04999       0.3   0.02506   0.00444    0.1005   0.02663         0
     21/99    0.468G     0.101    0.0377         0    0.1387         8       416    0.0734       0.3   0.03183  0.004231   0.09958   0.02649         0
     22/99    0.468G     0.099   0.04001         0     0.139        16       416    0.1205       0.2    0.0457  0.006915   0.09847   0.02655         0
     23/99    0.468G   0.09681   0.03535         0    0.1322        10       416    0.1236       0.2    0.0626   0.01025   0.09795   0.02646         0
     24/99    0.468G   0.09701   0.03911         0    0.1361        27       416    0.2178     0.175   0.09202   0.02004   0.09563   0.02629         0
     25/99    0.468G   0.09696   0.03655         0    0.1335        14       416    0.1258     0.175   0.04849  0.009539   0.09544   0.02612         0
     26/99    0.468G   0.09245   0.03629         0    0.1287        11       416    0.1151      0.25   0.07119   0.01263    0.0941   0.02582         0
     27/99    0.468G   0.09632   0.03824         0    0.1346        10       416    0.2103       0.2   0.08139   0.01493   0.09107   0.02545         0
     28/99    0.468G   0.09221   0.04058         0    0.1328        22       416    0.1637       0.2    0.0797   0.01508   0.08998    0.0254         0
     29/99    0.468G   0.08747   0.03189         0    0.1194        20       416    0.1026      0.35   0.07364   0.01125   0.08968   0.02501         0
     30/99    0.468G   0.08847   0.03013         0    0.1186        12       416    0.2411     0.175   0.09298   0.01253   0.08937   0.02478         0
     31/99    0.468G   0.09136    0.0348         0    0.1262         8       416   0.09808     0.275     0.105   0.02192   0.08797   0.02465         0
     32/99    0.468G   0.08819   0.03624         0    0.1244        17       416    0.1588     0.275    0.1098   0.02253   0.08632   0.02472         0
     33/99    0.468G   0.08463   0.03403         0    0.1187        12       416    0.1588     0.275    0.1098   0.02253   0.08632   0.02472         0
     34/99    0.468G   0.08998   0.03501         0     0.125        11       416     0.132    0.3498    0.1646   0.02777   0.08594   0.02456         0
     35/99    0.468G   0.08853   0.03168         0    0.1202        13       416     0.113     0.375   0.07202   0.01268   0.09216   0.02286         0
     36/99    0.468G   0.08957   0.03651         0    0.1261         8       416     0.113     0.375   0.07202   0.01268   0.09216   0.02286         0
     37/99    0.468G   0.08492   0.03457         0    0.1195        10       416    0.1649      0.45    0.1411   0.03156   0.08553   0.02366         0
     38/99    0.468G   0.08034    0.0309         0    0.1112         8       416    0.1744    0.3961    0.1652   0.03299   0.08915    0.0228         0
     39/99    0.468G    0.0911   0.03359         0    0.1247        12       416    0.1744    0.3961    0.1652   0.03299   0.08915    0.0228         0
     40/99    0.468G   0.09006   0.03564         0    0.1257        12       416    0.2375     0.475    0.1574   0.03876   0.08651   0.02323         0
     41/99    0.468G   0.09235   0.03569         0     0.128         9       416    0.1357     0.275    0.1069   0.03253    0.0903    0.0218         0
     42/99    0.468G   0.08821   0.03378         0     0.122        29       416    0.1357     0.275    0.1069   0.03253    0.0903    0.0218         0
     43/99    0.468G   0.08574   0.03714         0    0.1229        13       416    0.2355     0.225    0.1595   0.03662   0.08169   0.02342         0
     44/99    0.468G   0.08099   0.03345         0    0.1144         5       416    0.2726       0.3    0.1746   0.03697   0.08458   0.02261         0
     45/99    0.468G   0.08529     0.034         0    0.1193        21       416    0.2726       0.3    0.1746   0.03697   0.08458   0.02261         0
     46/99    0.468G   0.08431    0.0408         0    0.1251        12       416    0.2258       0.5    0.2602   0.08109   0.07815   0.02351         0
     47/99    0.468G   0.07786   0.03867         0    0.1165         6       416    0.2258       0.5    0.2602   0.08109   0.07815   0.02351         0
     48/99    0.468G   0.08195   0.03008         0     0.112         8       416    0.2206     0.475    0.2425   0.06531   0.08173   0.02275         0
     49/99    0.468G   0.07938   0.03452         0    0.1139        10       416    0.2265     0.425    0.2067   0.05855   0.07812   0.02318         0
     50/99    0.468G     0.079   0.04074         0    0.1197        26       416    0.2265     0.425    0.2067   0.05855   0.07812   0.02318         0
     51/99    0.468G   0.07466   0.03131         0     0.106        10       416    0.3172     0.325    0.2399   0.07539   0.07726   0.02324         0
     52/99    0.468G    0.0763   0.03285         0    0.1092        13       416    0.3199       0.3    0.2217   0.03977   0.08194   0.02184         0
     53/99    0.468G   0.08497   0.03152         0    0.1165        10       416    0.3199       0.3    0.2217   0.03977   0.08194   0.02184         0
     54/99    0.468G   0.08202   0.02825         0    0.1103         8       416    0.3593     0.325    0.3188   0.08116    0.0768   0.02245         0
     55/99    0.468G   0.07796   0.03125         0    0.1092         9       416    0.3593     0.325    0.3188   0.08116    0.0768   0.02245         0
     56/99    0.468G   0.08414   0.03136         0    0.1155        22       416    0.3478      0.35    0.3203   0.07065   0.07874   0.02195         0
     57/99    0.468G   0.07756   0.03524         0    0.1128         8       416    0.6231      0.25    0.3174   0.08302   0.07227   0.02331         0
     58/99    0.468G   0.07115   0.03441         0    0.1056        13       416    0.6231      0.25    0.3174   0.08302   0.07227   0.02331         0
     59/99    0.468G   0.06814   0.04266         0    0.1108        10       416    0.5853      0.25    0.2915   0.08038    0.0699   0.02373         0
     60/99    0.468G    0.0724   0.03314         0    0.1055        10       416    0.3568    0.3467    0.3166   0.08097   0.07585   0.02211         0
     61/99    0.468G   0.07307   0.02951         0    0.1026        10       416    0.3568    0.3467    0.3166   0.08097   0.07585   0.02211         0
     62/99    0.468G    0.0706   0.03258         0    0.1032         4       416    0.4537     0.375    0.3682    0.1273   0.06997   0.02277         0
     63/99    0.468G   0.06485   0.03559         0    0.1004        11       416    0.4537     0.375    0.3682    0.1273   0.06997   0.02277         0
     64/99    0.468G   0.06518   0.03607         0    0.1013        17       416    0.3604     0.425    0.3525    0.1211   0.07065   0.02273         0
     65/99    0.468G   0.06666   0.03315         0   0.09981        12       416     0.378    0.3494     0.291   0.08165   0.06831   0.02311         0
     66/99    0.468G   0.06942   0.03668         0    0.1061        19       416     0.378    0.3494     0.291   0.08165   0.06831   0.02311         0
     67/99    0.468G   0.06857   0.03895         0    0.1075        23       416    0.5258    0.2495    0.2729    0.0652   0.06888   0.02303         0
     68/99    0.468G   0.06812   0.03634         0    0.1045        10       416    0.3329      0.35    0.2893   0.07941   0.07092   0.02199         0
     69/99    0.468G   0.06758   0.03438         0     0.102        17       416    0.3329      0.35    0.2893   0.07941   0.07092   0.02199         0
     70/99    0.468G   0.06539   0.03036         0   0.09575         9       416    0.4043    0.4242    0.3507   0.09815   0.06613    0.0225         0
     71/99    0.468G    0.0631   0.03377         0   0.09688        11       416    0.4043    0.4242    0.3507   0.09815   0.06613    0.0225         0
     72/99    0.468G   0.06748   0.03057         0   0.09805         5       416    0.3114     0.625    0.3403   0.08888   0.06674   0.02235         0
     73/99    0.468G   0.06403   0.03374         0   0.09777         9       416    0.4875     0.525    0.4599    0.1263   0.06284   0.02308         0
     74/99    0.468G    0.0638   0.03487         0   0.09867         1       416    0.4875     0.525    0.4599    0.1263   0.06284   0.02308         0
     75/99    0.468G    0.0632   0.03385         0   0.09705        12       416     0.446     0.525    0.4381    0.1429   0.06272   0.02296         0
     76/99    0.468G   0.06518   0.03458         0   0.09976         7       416     0.333    0.5242    0.3124   0.07358   0.06781   0.02164         0
     77/99    0.468G   0.06419   0.03527         0   0.09946        11       416     0.333    0.5242    0.3124   0.07358   0.06781   0.02164         0
     78/99    0.468G    0.0635   0.03495         0   0.09845        10       416    0.4741    0.4959    0.4348    0.1474   0.06253   0.02254         0
     79/99    0.468G   0.06192   0.03963         0    0.1016        22       416    0.4741    0.4959    0.4348    0.1474   0.06253   0.02254         0
     80/99    0.468G   0.05804   0.03054         0   0.08859        12       416    0.4753     0.525    0.4371    0.1493   0.06357   0.02235         0
     81/99    0.468G   0.05921   0.03441         0   0.09362        23       416    0.4673      0.55    0.4463    0.1237   0.06024   0.02283         0
     82/99    0.468G   0.06283   0.03578         0   0.09861        13       416    0.4673      0.55    0.4463    0.1237   0.06024   0.02283         0
     83/99    0.468G   0.05897    0.0276         0   0.08657         9       416    0.4657     0.525    0.4179    0.1162   0.06014   0.02275         0
     84/99    0.468G   0.06323   0.03376         0     0.097        21       416    0.3467     0.575    0.3532    0.1016   0.06467    0.0218         0
     85/99    0.468G   0.06218   0.03217         0   0.09436         8       416    0.3467     0.575    0.3532    0.1016   0.06467    0.0218         0
     86/99    0.468G   0.06262   0.03848         0    0.1011        11       416    0.4331      0.65    0.4821     0.153   0.05966   0.02235         0
     87/99    0.468G   0.05618   0.03508         0   0.09126        15       416    0.4331      0.65    0.4821     0.153   0.05966   0.02235         0
     88/99    0.468G   0.05611   0.03457         0   0.09068        17       416    0.4525     0.625    0.4659    0.1414   0.06123   0.02227         0
     89/99    0.468G   0.06022    0.0387         0   0.09892        15       416    0.4896      0.65    0.4904    0.1659   0.05924   0.02224         0
     90/99    0.468G   0.05851   0.03584         0   0.09434        25       416    0.4896      0.65    0.4904    0.1659   0.05924   0.02224         0
     91/99    0.468G   0.05803   0.03548         0   0.09351         8       416    0.4375     0.625     0.455    0.1539   0.05878   0.02221         0
     92/99    0.468G   0.05606   0.03337         0   0.08943        11       416    0.4741      0.55    0.4779    0.1758   0.06247   0.02174         0
     93/99    0.468G   0.06339   0.03464         0   0.09803        19       416    0.4741      0.55    0.4779    0.1758   0.06247   0.02174         0
     94/99    0.468G    0.0631   0.03955         0    0.1027        13       416    0.5543       0.5    0.4741    0.1691   0.06146   0.02171         0
     95/99    0.468G   0.05779   0.03517         0   0.09296        29       416    0.5543       0.5    0.4741    0.1691   0.06146   0.02171         0
     96/99    0.468G   0.06171   0.03359         0    0.0953         7       416    0.4487      0.55    0.4466    0.1588   0.06287   0.02156         0
     97/99    0.468G   0.05987   0.03708         0   0.09696        14       416    0.5946    0.6233    0.5542    0.2159   0.05694   0.02203         0
     98/99    0.468G   0.05679   0.03338         0   0.09018        12       416    0.5946    0.6233    0.5542    0.2159   0.05694   0.02203         0
     99/99    0.468G   0.05593   0.03085         0   0.08678        15       416    0.5933     0.625     0.561    0.2164   0.05609   0.02205         0
