      0/49     1.15G   0.08898   0.02306         0     0.112        22       416    0.4472    0.4244    0.3956    0.1708   0.06285   0.01181         0
      1/49     1.38G   0.05833   0.02312         0   0.08145        22       416    0.6775    0.5812    0.6358    0.2901   0.04819  0.008781         0
      2/49     1.38G   0.04822   0.01922         0   0.06744        19       416    0.7552    0.7044    0.7642    0.4279   0.04201  0.007616         0
      3/49     1.38G   0.04585    0.0178         0   0.06364        17       416    0.7731    0.7017    0.7465    0.4205   0.04141  0.007652         0
      4/49     1.38G   0.04341    0.0177         0    0.0611        23       416    0.8402    0.6709    0.7769    0.4519   0.04242  0.007374         0
      5/49     1.38G   0.04308   0.01727         0   0.06035        16       416    0.7844    0.7083    0.7579    0.4372   0.04187   0.00732         0
      6/49     1.38G   0.04209   0.01724         0   0.05933        29       416    0.7799    0.6457    0.7361    0.4266   0.04264  0.007663         0
      7/49     1.38G   0.04133   0.01758         0   0.05891        21       416    0.7279    0.6145    0.6983    0.4234   0.04378  0.007814         0
      8/49     1.38G   0.04027   0.01745         0   0.05773        15       416    0.8731    0.6456    0.7563    0.4715    0.0425  0.007393         0
      9/49     1.38G   0.03887   0.01705         0   0.05592        18       416    0.8698    0.7423    0.8182    0.4969   0.03911  0.006908         0
     10/49     1.38G   0.03787   0.01664         0   0.05451        14       416     0.892    0.6947    0.8173    0.5044   0.03861  0.006677         0
     11/49     1.38G   0.03704   0.01623         0   0.05327        22       416    0.7978    0.7407     0.801    0.4789   0.03892   0.00697         0
     12/49     1.38G   0.03671   0.01557         0   0.05227        12       416     0.851    0.7361    0.8266    0.5274   0.03752  0.006716         0
     13/49     1.38G   0.03614   0.01588         0   0.05201        19       416    0.8873    0.7297    0.8282    0.5209   0.03807  0.007088         0
     14/49     1.38G     0.035   0.01545         0   0.05045        19       416    0.8916    0.7491    0.8441    0.5133   0.03724  0.006764         0
     15/49     1.38G   0.03455   0.01553         0   0.05008        16       416    0.8295    0.7647    0.8324    0.5508   0.03735  0.006477         0
     16/49     1.38G   0.03379   0.01528         0   0.04908        18       416    0.8408    0.7997    0.8474    0.5021   0.03752  0.006555         0
     17/49     1.38G   0.03328   0.01503         0   0.04831        19       416    0.8913    0.7577    0.8499    0.5535   0.03633  0.006363         0
     18/49     1.38G   0.03264   0.01491         0   0.04755        16       416    0.8551    0.7772    0.8508    0.5549    0.0369   0.00644         0
     19/49     1.38G   0.03188   0.01496         0   0.04684        18       416    0.8933    0.7871    0.8628    0.5607   0.03516  0.006402         0
     20/49     1.38G    0.0316   0.01459         0   0.04619        23       416    0.8779    0.7675    0.8455    0.5643   0.03605  0.006348         0
     21/49     1.38G   0.03132   0.01451         0   0.04583        14       416     0.873    0.7994     0.866    0.5551   0.03488  0.006433         0
     22/49     1.38G   0.03122   0.01446         0   0.04568        19       416    0.8689    0.8263    0.8797     0.598   0.03417   0.00587         0
     23/49     1.38G   0.03078   0.01435         0   0.04513        23       416    0.9243    0.7899    0.8808    0.5839     0.034  0.006066         0
     24/49     1.38G   0.03073   0.01428         0   0.04501        21       416     0.884    0.8011    0.8621    0.5733   0.03402  0.006089         0
     25/49     1.38G   0.02972   0.01372         0   0.04344        13       416     0.905    0.7871    0.8757    0.5941   0.03337  0.006092         0
     26/49     1.38G   0.02905   0.01364         0    0.0427        17       416    0.9012    0.8333    0.8967    0.5912   0.03302  0.005898         0
     27/49     1.38G   0.02895   0.01365         0    0.0426        18       416    0.8957    0.8176    0.8855    0.6024   0.03321  0.005902         0
     28/49     1.38G   0.02854   0.01382         0   0.04236        21       416    0.9155    0.8067    0.8894    0.6072   0.03305  0.005767         0
     29/49     1.38G   0.02797   0.01335         0   0.04131        18       416    0.8972    0.8189    0.8829     0.606   0.03213  0.005927         0
     30/49     1.38G   0.02783    0.0133         0   0.04113        20       416    0.8957    0.8207    0.8845    0.5926   0.03297  0.005919         0
     31/49     1.38G   0.02763   0.01301         0   0.04064        27       416    0.8974    0.8204    0.8917    0.6273    0.0316  0.005812         0
     32/49     1.38G   0.02677   0.01294         0   0.03971        19       416    0.9269    0.8221     0.889    0.6084   0.03301  0.005775         0
     33/49     1.38G    0.0272   0.01276         0   0.03996        15       416    0.9201    0.8081    0.8932    0.6245   0.03246   0.00577         0
     34/49     1.38G   0.02662   0.01299         0   0.03961        33       416    0.9168    0.8329    0.8967    0.6127   0.03158   0.00594         0
     35/49     1.38G   0.02617   0.01254         0   0.03871        19       416    0.8866    0.8445    0.8977     0.619   0.03205   0.00593         0
     36/49     1.38G   0.02626   0.01254         0   0.03879        18       416    0.8967    0.8389    0.8977    0.6106    0.0329   0.00578         0
     37/49     1.38G   0.02566   0.01229         0   0.03795        16       416     0.938    0.8291    0.8968    0.6182   0.03188  0.005868         0
     38/49     1.38G   0.02549   0.01252         0   0.03801        24       416     0.894    0.8389    0.8883    0.6235   0.03066  0.005799         0
     39/49     1.38G   0.02495   0.01235         0    0.0373        23       416    0.9185    0.8207    0.8926    0.6325   0.03146    0.0058         0
     40/49     1.38G   0.02526   0.01241         0   0.03767        21       416     0.923    0.8389    0.9088    0.6229   0.03191  0.005658         0
     41/49     1.38G   0.02491   0.01187         0   0.03677        27       416    0.9118    0.8402    0.9008    0.6324   0.03162  0.005737         0
     42/49     1.38G   0.02484   0.01208         0   0.03692        21       416    0.9058    0.8347    0.8949    0.6251   0.03141   0.00584         0
     43/49     1.38G    0.0246   0.01171         0    0.0363        26       416    0.9281    0.8319    0.8953    0.6271   0.03157  0.005857         0
     44/49     1.38G   0.02419   0.01164         0   0.03583        23       416    0.9147    0.8417    0.9019    0.6421   0.03073  0.005784         0
     45/49     1.38G   0.02427   0.01167         0   0.03595        17       416    0.9544    0.8205    0.9049     0.644   0.03116   0.00585         0
     46/49     1.38G   0.02345    0.0118         0   0.03525        13       416    0.9198    0.8221    0.8999      0.64    0.0307  0.005678         0
     47/49     1.38G    0.0233   0.01182         0   0.03512        18       416    0.9297    0.8347    0.9023     0.647   0.03148  0.005669         0
     48/49     1.38G   0.02325   0.01141         0   0.03466        18       416    0.9142    0.8375    0.8987    0.6406   0.03115  0.005718         0
     49/49     1.38G   0.02325   0.01138         0   0.03463        16       416    0.9097    0.8611     0.917    0.6476   0.03106  0.005561         0
